[frames]
icub
1.0 0.0 0.0 0.0 0.0 1.0 0.0 0.0 0.0 0.0 1.0 0.0 0.0 0.0 0.0 1.0
1.0 0.0 0.0 0.0 0.0 1.0 0.0 0.0 0.0 0.0 1.0 0.0 0.0 0.0 0.0 1.0
kinect
-0.027027 -0.192129 -0.980997 0.166949 -0.998134 0.05894 0.015955 0.035995 0.054755 0.979598 -0.193363 0.685731 0.0 0.0 0.0 1.0
1.0 0.0 0.0 0.0 0.0 1.0 0.0 0.0 0.0 0.0 1.0 0.0 0.0 0.0 0.0 1.0
reactable_both
0.117353 0.99309 0.0 -0.609019 -0.99309 0.117353 0.0 0.554056 0.0 0.0 1.0 0.0 0.0 0.0 0.0 1.0
0.53333 0.0 0.0 0.0 0.0 0.53333 0.0 0.0 0.0 0.0 0.53333 0.0 0.0 0.0 0.0 1.0
reactable_left_arm
0.003946 0.999992 0.000084 -0.42442 -0.999992 0.003946 -0.000083 0.480483 -0.000083 -0.000084 1.0 -0.025956 0.0 0.0 0.0 1.0
0.640353 0.0 0.0 0.0 0.0 0.921656 0.0 0.0 0.0 0.0 1.0 0.0 0.0 0.0 0.0 1.0
reactable_right_arm
-0.048815 0.998808 0.000108 -0.537319 -0.998808 -0.048815 -0.000113 0.517305 -0.000108 -0.000113 1.0 -0.024945 0.0 0.0 0.0 1.0
0.532521 0.0 0.0 0.0 0.0 0.905959 0.0 0.0 0.0 0.0 1.0 0.0 0.0 0.0 0.0 1.0
